100
2 1 2
3 2 2
1 10 1
1 10 2
10 10 7
9 2 3
3 9 3
9 7 1
6 10 3
2 9 10
6 10 6
4 10 1
4 10 1
4 10 10
4 10 10
6 10 9
6 10 8
6 10 8
8 10 1
1 10 1
4 10 8
9 9 1
6 9 10
8 10 10
3 10 6
8 10 1
8 10 2
9 10 3
9 10 3
2 10 4
8 9 1
2 10 4
6 10 1
9 10 9
3 10 3
3 10 6
10 10 8
8 10 10
6 10 6
2 10 1
8 10 2
5 9 1
3 10 1
7 10 7
10 10 2
2 10 8
10 10 10
2 10 1
4 10 4
10 10 2
5 10 1
6 10 6
9 10 1
4 10 8
3 10 6
10 10 10
3 10 9
2 10 10
4 10 2
3 10 1
8 10 4
5 10 1
2 10 10
6 10 10
9 10 3
3 10 3
6 10 2
8 10 10
10 10 2
8 10 4
4 10 6
3 10 1
4 10 2
3 10 9
2 10 1
8 9 4
10 8 5
10 10 5
10 3 5
9 10 3
9 1 3
8 7 4
10 1 2
10 9 2
10 1 2
6 9 6
4 3 5
6 8 6
1 1 9
9 10 4
8 2 8
7 9 4
1 1 9
9 10 4
4 3 10
9 9 6
4 2 8
9 9 10
5 1 3
9 10 3
