100
1 5
25041 63688 98690 14853 19758
1 7
65860 1 75293 1 91881 1 94936
1 8
30048 67951 8964 72827 15739 79134 55713 92215
1 4
63035 37881 75896 82838
1 2
1 1
1 9
32369 35057 77679 2654 49395 17041 60895 6573 75764
1 10
3704 88838 30559 39200 32838 81006 61733 54720 80907 88344
1 9
19361 68543 79623 33220 17232 26022 1171 26195 98848
1 10
65003 76656 58878 60 70686 77883 65806 4078 38777 88730
1 9
52850 1 54437 1 51848 1 62334 1 65776
1 8
2 1 2 1 2 1 2 1
1 6
1 51 101 151 201 251
1 9
50708 1 84322 1 63784 1 82272 1 79595
1 9
52410 1 88381 1 79953 1 92284 1 88136
1 2
1 2
1 2
1 51
1 8
72443 24400 89809 47278 20244 21423 94874 85785
1 2
11776 89813
1 6
1 51 101 151 201 251
1 6
60966 43127 9744 25672 11883 4139
1 1
68943
1 6
1 51 101 151 201 251
1 2
1 51
1 10
68294 33646 28933 52439 19227 97243 22607 42262 52683 42490
1 9
79174 9465 70209 94374 42726 91888 65286 84552 24951
1 5
94593 42608 77625 34217 21994
1 5
66884 1 85344 1 82020
1 6
1 51 101 151 201 251
1 7
82284 1 81564 1 85973 1 56042
1 6
1 51 101 151 201 251
1 6
2679 2565 57586 13623 45172 35210
1 9
88993 1 66958 1 67956 1 82803 1 85684
1 7
76124 1 91131 1 96312 1 57964
1 5
51280 1 65876 1 71613
1 6
44728 63699 14571 1484 71734 1485
1 8
76476 32252 13356 79864 83922 25029 53637 41903
1 1
1
1 8
4611 13861 37646 17256 80587 53134 97508 32338
1 10
31261 53504 67793 85582 68311 70169 6683 39088 19883 26510
1 9
61865 1 70006 1 84687 1 54359 1 63605
1 3
78848 1 81841
1 7
80639 73573 94718 25082 83710 89114 69698
1 3
12302 21927 42701
1 9
2 2 2 1 1 1 2 1 2
1 5
74730 1 78982 1 74616
1 3
52607 1 92231
1 7
28091 93785 78045 44617 67865 49575 67566
1 7
23499 71736 87153 85022 6946 51344 68538
1 9
69826 1 54041 1 93811 1 68726 1 71505
1 8
51752 76915 54092 60275 26428 31437 53819 82887
1 4
1234 51926 24178 39624
1 6
64191 67165 50715 90654 88348 7193
1 7
87250 1 83194 1 84298 1 68164
1 9
79235 1 59856 1 67817 1 87199 1 75716
1 10
68771 17685 35497 44001 34096 6182 21883 99901 10259 77012
1 10
84962 69819 9524 30246 22257 45102 43840 61215 3715 12874
1 5
15505 26464 4831 40127 5031
1 8
56459 28688 62082 14118 87037 35319 95321 57421
1 7
1 1 1 1 1 1 1
1 6
95685 33075 70891 10255 50910 42624
1 7
45182 92701 93661 70853 20935 97799 73531
1 8
57982 47415 54412 31554 58484 95845 15263 47597
1 7
51960 1 93258 1 91225 1 72983
1 10
31731 85889 11147 67900 39325 14202 11269 29171 40086 12793
1 6
42876 35421 16527 74080 55179 22950
1 9
27737 85421 72078 11659 10449 42066 69913 82891 66465
1 5
6424 86886 87949 86795 48355
1 4
1 51 101 151
1 7
57660 58349 56885 64852 54033 6312 52094
1 3
55682 68191 80372
1 10
88631 6452 19817 53437 3055 43370 73494 9533 85173 75879
1 7
51574 38688 53616 13107 47740 63628 83959
1 9
14338 23011 58242 57179 58724 26784 53153 91943 44015
1 8
65542 83188 2636 35509 96294 66727 99137 80252
1 4
24622 78568 23546 7221
1 10
2 2 2 2 2 2 1 2 2 1
1 9
55970 30987 66023 22435 7059 12542 25494 20906 70286
1 10
79842 42806 48455 80252 7201 20058 6478 41804 86033 75430
1 9
37970 98456 2377 21102 70778 33363 3476 9564 56773
1 5
77677 1 69248 1 78194
1 9
50077 1 78943 1 50183 1 52038 1 81501
1 10
4030 59726 84059 48044 55251 9875 34604 49624 68952 26491
1 2
56071 91382
1 9
76073 30168 86708 97496 41393 88845 2106 71605 26490
1 7
89874 1 99756 1 81913 1 68422
1 6
1 51 101 151 201 251
1 9
83349 1 63042 1 50097 1 97133 1 54614
1 5
52405 78044 77008 90683 37096
1 9
33261 5328 70913 25475 33064 56333 13905 61074 66781
1 5
79076 1 64580 1 57875
1 7
68674 61427 57489 8524 33162 60993 93545
1 3
83558 1 86393
1 4
1 51 101 151
1 4
1 51 101 151
1 4
93188 56756 91683 86915
1 1
55654
1 3
61469 64457 91250
1 7
1 1 1 1 1 1 1
1 4
1 51 101 151
1 7
71770 1 64216 1 89600 1 58163
