100
5
288715835 80165436 147830962 92099095 443523820
506924793 814981264 94760207 191784114 83905129
5
301916898 156741726 356368241 601872097 201039174
875788042 377979017 59099079 931708647 870065642
5
505046047 693947131 898336051 334168842 80582181
973750258 620201267 550530632 567204556 34811809
5
243096301 461965882 647825298 49714250 528814588
100389074 322653802 331487483 181478408 803278107
5
744687406 975508336 844988983 813044562 116101574
467009967 753945483 184392928 299377431 14083735
5
46454116 753564019 82642549 322696380 441730171
681889834 955728323 387636092 488571925 340984041
5
78361576 845963465 246627855 788539835 896706907
731996640 42139723 200407370 385225360 123278910
5
28332084 348403309 88642968 314612497 459260378
782911293 507666771 552142164 15558166 217470373
5
316319446 963778147 501927554 138597506 334739076
827099241 662114864 893883761 696299538 347033525
5
555798117 916232883 740802439 164743898 292330537
398852241 971849696 544355365 87470082 987707185
5
861841298 393826180 647502947 475289152 370694195
943514464 32911891 133700535 26503410 537263886
5
458679288 56757856 781555721 405929376 18287662
216300134 548236364 514451706 54094080 523685003
5
94442688 673749077 162078420 191436801 991806035
689360802 640906170 424601480 348763613 124535333
5
824106682 213784622 602695950 129267501 820474006
531176674 407211378 677730827 516967827 266548015
5
330582769 764164063 175184402 674891495 184314756
850869265 522290383 237700907 721929054 847482468
5
907372076 680231743 450360461 269865566 11277959
314093643 258661642 128153114 982107256 460053186
5
284359115 836005377 76644315 854709742 334710711
941486554 72258938 773184536 791599220 312482315
5
167808009 403032357 572121070 113571929 823618684
686869724 300081755 178507454 197618791 25323946
5
44704016 37328089 905416975 231913445 114675380
809134904 757224718 510442193 902820120 598037695
5
431744899 19871229 138951427 826280622 564125569
189335299 900716116 842752603 710191689 936745867
5
183034280 438736541 278170874 510749703 765094700
221260086 50232596 519543672 731953377 58736891
5
242405432 364194668 106977261 656576243 843015250
319262746 625578189 5006010 78695611 869052704
5
801159284 115155221 4067150 816352154 848126616
468917145 72069442 861451224 530051550 615829725
5
338990983 35227255 734555629 362086286 98698845
202285963 331213128 579794605 139393727 122040423
5
34203351 134121041 662708319 150099148 891469827
26022692 577544927 673090809 105601026 577402292
5
85825712 455812431 456593289 45975241 700066809
115921929 524579202 916591430 184900740 55943203
5
169443072 146000836 273276188 177744543 840203372
771707149 624021705 25090363 975252596 264176389
5
304923633 386024221 108377147 620560653 825768983
445594575 768109673 222429516 19989862 410948550
5
499592206 810335948 913825522 353973527 559965754
539018788 116272620 985520349 588717016 538288282
5
472886329 351289567 447921372 531746796 190187621
14683884 136266819 158687572 30608494 210080409
5
73480922 890059178 71809919 267336339 870785908
994412505 617483253 152201093 630069085 405288867
5
543340555 705897484 915619585 193625755 12358545
15355098 420886702 854766421 260062615 827645994
5
157983539 851556138 196273092 419716734 762425984
118486878 690794474 643223112 553406244 567720376
5
722837399 657002182 389264940 914417821 164524003
393216139 438088259 101346497 85420565 39808696
5
502123738 132273747 922958746 625497721 59235665
194227999 32734995 960973823 645111230 223647396
5
85774565 191707615 473536845 546744653 172590974
852910821 471798786 300084761 94097498 372513635
5
643148163 270910159 746296004 673468049 946961220
851690320 535150006 891766360 134159041 758110005
5
491064686 506433419 992348201 952770949 79709656
920089264 327070062 435594085 699574294 139998011
5
703309924 239011628 67418615 50605525 988690962
524107790 554866061 435284719 339651700 813031508
5
541270274 200787717 38651014 121820540 465093122
854808891 885541450 20052080 876564628 473395027
5
261360757 730692447 944791399 317669368 553302098
111011842 50000240 117040986 99151082 18993094
5
874285922 100866029 659954093 847491362 257324800
4905052 394123053 8255897 540518685 127157008
5
983529902 808773332 963322765 495774454 429599027
385777838 970167294 471481650 113421912 387244280
5
864773279 543270004 964450633 332311490 122252062
780721154 900000534 130341984 179053271 283526686
5
331481950 139705794 544567350 404838098 907437786
659025901 532269667 30873159 518904241 869931220
5
733239719 25029796 148868938 491926679 634020240
318653204 900264488 772739054 157592125 281207659
5
732258885 662642895 723608000 975738085 475373278
404989480 323343900 465763148 732779572 921881988
5
474957900 970714936 986664881 228019723 927432420
478998111 823361208 911874255 153793730 687280101
5
476520769 388263266 820986398 845721445 278968840
195408210 840715436 347756878 330078993 541253046
5
812316539 678094906 828700077 869636133 598149676
671731014 728730748 740246375 98261843 187803643
5
790908271 3672795 994550982 771830665 165093069
671207083 453551166 579797146 822805418 99720294
5
832914873 702645506 62587475 568020414 548136820
386709916 656146160 541826739 290607198 347969186
5
655766221 738568664 803120253 156655221 93627552
686847634 318618521 652394185 9610131 716620975
5
6841753 89557077 457693851 420022008 117755628
36807150 712739236 5176661 651319605 284896904
5
223780454 260417587 103223470 530568984 529395109
649981722 552262668 736071664 526022555 608026381
5
524163546 514942294 632711983 915784760 945830481
995957179 871221486 323864107 306376066 112241816
5
977887298 850467259 176696293 826892899 184745987
771917273 90821236 806207081 707265276 208804359
5
148691626 562695447 371974825 943235480 107134292
44904764 507641396 407559999 177262125 22945135
5
124459420 803275127 627258127 650587758 946779030
874741242 520245775 767725760 959569616 625356172
5
734590990 586237139 608262648 728307452 9967963
652534325 340671361 668879687 930959027 170037622
5
659315268 859172865 271306668 792086601 640950244
448623023 320604952 675011981 767081121 74201980
5
635565550 328463237 732099488 371585692 332044979
38867701 23828815 1965987 430337285 650554532
5
803089223 454578633 26573176 701976409 86431847
131917102 501569040 701206487 815113010 598683316
5
34088780 341391778 39491562 773260328 92320675
63063519 298638993 506587844 262779047 538488860
5
207454714 783200796 197288354 630971951 222544889
824526228 10729840 410458922 847876111 430267332
5
199131696 730588345 463946206 914271878 284764163
710713739 219002924 722056123 290226827 330913798
5
288161554 14681965 228290780 453782504 547987189
403924732 56910788 608000755 245551029 746113040
5
574667026 167024770 895192907 8723188 936764629
595111153 977699382 739145839 8764835 832341871
5
522430231 862734509 591827964 696155626 272874523
251713315 143532450 476329563 63177507 123365507
5
847881625 532810935 939150623 357133153 295487291
899963050 225269863 876405909 119202873 919480086
5
96141722 625625592 773996941 197396222 635730149
286913293 510130879 468063775 286170952 712430513
5
741757265 63897858 62151470 417045414 465651159
701993723 156969064 288389034 5386949 376696058
5
777316169 95833297 181166150 823492238 993514113
317919959 560516965 293121650 812138101 46037127
5
325748634 530656406 788294991 119201998 212476462
465641190 787714516 30998055 838009240 500532937
5
960636467 691485980 262141916 705742815 137952529
345879369 77397415 649853086 866068464 240251962
5
682054580 298425126 909651673 278602732 270605254
502440295 748355553 901121075 891435525 99076737
2
23344870 23344870
817985303 817985303
5
153264039 610669689 983888943 911612716 937871545
545800685 810266220 999934629 750823116 928653071
5
488566461 561472805 989921832 512174011 515034292
513383776 487083649 687265344 167666375 352377383
5
547898413 76062119 49841002 575340406 415677194
234859739 480580200 223893081 141940096 18864225
5
870032951 328482215 623137726 570282734 77457398
720621135 453241749 125789965 940807093 123584831
5
426452263 935383471 937179160 714954906 605256222
631111643 282641409 782450805 709009824 880047975
5
301093693 227041150 869521602 681136759 753563858
984093359 694919872 874544096 197327105 904347305
5
208153966 788639484 386348540 154359684 701323727
23701310 833779557 415152776 583744761 790089832
5
383575422 345795418 77589262 194371985 208436020
27356667 822311962 623966291 440855316 959466684
5
317260135 626818336 351222504 74398846 50341525
971707252 453215324 954429375 907118215 854474786
5
992299268 171070594 739874356 379000464 209458382
419269405 851472132 442377262 384477309 19950707
5
61302423 39485492 768339850 535346686 84641957
342257089 42089333 138318044 55194860 569122724
5
599374670 416051580 775606131 494151292 822963287
158122878 341950199 340377851 895458821 217453551
5
945340594 712520703 473114105 997403146 366124251
724758552 96282071 622172375 751716836 268008399
5
325216734 128270558 246316201 434338659 33776039
999676797 426082762 640741002 93807562 544179810
5
808730117 347057941 956405462 821147732 343940705
202459979 636754804 44563275 621966375 789765657
5
12056608 135955189 327611039 703379359 927559588
603873202 379515253 621183523 95912151 501726191
5
128982406 107182177 754475053 222970056 100486426
193958089 77332055 288348326 430483643 216484168
5
493803698 616454866 822881375 718723910 110465246
298302173 949616129 73048154 868856615 418790718
5
273782538 412033861 165196067 370771134 765228533
656533556 976428044 474621336 733216480 918907953
5
252257900 810864138 807398006 582687123 825817262
931052840 580721137 395479978 31500049 914732101
5
79489045 524871887 343594975 327535899 562346933
266262921 39187573 131863291 566565030 280538676
5
933702017 543341577 686453417 442892708 427303145
595632182 784169276 720037869 365862667 627638694
5
989933995 344271177 819264364 837913615 499058136
520625372 331325772 236279090 592524691 930234289
