100
5
376813368 453293084 441525307 968566821 628946103
788734318 840737983 937853738 61926276 9058141
5
83321354 107003107 558983844 198727443 666850426
829948887 626394887 539127009 735058965 562109065
5
701819516 324778621 166515773 404559886 690386839
960135869 968882817 25755842 27512569 373262165
5
935380689 9543593 53130779 641634761 170678759
113123715 157757739 902459275 362845436 208855502
5
696614109 615682160 636820178 622197282 341309441
881800486 723791948 402772638 641422406 895925992
5
628095332 83409928 960350605 407195207 244755321
677608664 501650918 257420749 753618107 543455641
5
36921799 478882950 811387872 206531712 7153968
137700873 260964805 967609981 912662483 10727150
5
540310705 333276028 399834844 255480344 217346851
317507697 985341732 179070943 140071720 459117142
5
388307831 71088539 14947622 583688109 179937377
611983838 308762605 487364178 734972233 618459964
5
760041443 543073533 579607550 176075122 363381623
94771187 876518606 572332557 127723418 952735388
5
43383502 497660614 715471059 145689308 437653145
358452457 233261118 135207780 62123743 467961771
5
635019540 950773777 733475050 746372651 171473617
77055221 960186146 268367639 481530936 213715281
5
249505599 224043007 636210680 248758259 804195439
691163738 821170648 93050556 39543988 154465715
5
500760125 788424754 563731318 771496563 313215445
619345497 340962360 475633023 751333455 304803133
5
25477304 426431882 846369130 354149338 467386801
566537736 274827799 782759480 769026800 21116555
5
249741055 249350496 356327599 922657671 666967218
181561151 279831395 226805187 832110970 40941120
2
586444758 586444758
459978612 459978612
5
130685811 682336283 349049099 72652579 888195275
561299361 804082753 78224111 390005292 787719212
5
505223929 384478452 186312666 576881696 452000789
373610169 455997706 117953501 932685317 748355312
5
212925483 385430787 674243538 871251622 963697711
540596591 517800491 246674391 418401752 860577278
5
92974160 142249792 726994578 241039794 316827607
673808707 809271448 156694046 767904581 587448235
5
498491411 174661488 934574127 4602228 421212358
292237130 902503341 898405335 938536803 774543269
5
837553365 286735357 316097417 963653776 320290803
403819800 3753539 802100540 533025211 455288023
5
380135603 45372429 269095536 264294691 563027160
931507726 888483161 12355740 946563875 227594806
5
462160934 99025367 31988703 960807400 245584527
553077465 421680392 658009210 230716146 627657826
5
73548010 980392096 206987082 423781209 967432125
753318555 985284665 612028124 54813648 133195856
5
998916949 149158648 590331970 150374154 453324455
868261662 853882898 390699965 250256015 361308038
5
973252703 870870138 767145500 60291223 54472359
753626131 295219853 703194113 389247658 554210554
5
571370628 469450799 979807623 769585807 641402980
35929755 13519370 765071371 498761895 863171703
5
169131384 863112146 679028187 237998126 82804991
533212730 393733830 16554781 380554107 471510080
5
392949633 879772667 845570606 799063177 992881210
661974917 55423729 509109328 520358506 316587982
5
374045836 165169608 793700064 297792377 233249158
515674446 235611893 452133827 679217659 575334647
5
198890460 18450027 788743714 899593413 146934703
72432732 313129945 289366452 834404303 703329242
5
988831560 381982062 106785506 88739529 383309076
377229204 292607797 774338328 190272741 470928679
5
942710822 987685883 834691918 187602138 680790218
980809020 944385821 430534204 837582423 640926592
5
614992398 677263611 612735937 462707340 885283284
781601996 412674271 153533276 475457173 652812129
5
45693976 567266178 274245528 197154165 62165336
612457729 40460120 294260756 515285322 513981772
5
798140920 445031028 993278564 740236877 203636798
918650612 82327148 417622261 185759557 175759597
5
747108010 313683823 515365184 364411443 639117896
279753291 912277617 959900238 665673912 597660601
5
168347668 189877616 637547167 346652685 469756112
417592528 357018603 912428191 449929013 416560129
5
215721390 59220304 631636029 847826566 856898296
261319187 601152176 585980193 502887650 664040629
5
715635374 666842612 373723502 960906952 822005128
908736023 627779243 265336690 925096640 888592789
5
735414013 841708477 595172884 709050632 753443963
223219991 168839570 253206456 593980457 292050787
5
137454481 433425558 558981627 146291221 730483803
266373831 371952894 540211063 500237508 382116649
5
197107038 5086344 915812560 143206933 944507224
356163384 318430893 695137780 252818765 169863205
5
244776398 229752216 677752201 552592876 705416584
364622257 263226424 18495929 429861965 552043930
5
215981279 589632391 443104221 666437921 93585897
336254943 943877869 756066438 23815258 32778068
5
971166186 116433486 3406211 842137335 247192421
279614264 439364698 753253664 478119845 35963127
5
104935712 748061090 296665260 987687302 189412149
438528673 742717688 633397017 73687963 492613916
5
133191206 716486467 953105363 627759369 959218487
324072104 145480204 577882584 778829025 451877692
5
662484271 486090636 406057248 376527556 128137836
365597129 82266801 760336163 455727764 291209243
5
195160102 826036738 568467489 105658009 395886139
821095896 695871391 938902012 594558128 774032925
5
309968719 743793983 525382482 71055180 597661751
462761114 722224012 782758940 785584396 832084470
5
552447558 621563922 607187639 818162854 685080814
922093922 838969039 918886116 554924297 866556558
5
98984079 117573251 446573856 439814755 536574665
944922938 182394007 930440207 853769062 537086427
5
910047980 404011931 871227496 151446325 769941042
815803767 642336998 249582536 522807024 144327535
5
312475131 157861387 764957463 667423434 129375720
308959758 696953582 196690404 194355511 119424222
5
969709535 304875008 8727253 891641863 989325657
83387744 133646948 500934780 717023321 208438544
5
803969590 760807535 978408725 388669220 525422532
584674896 519598087 292352073 68923202 323990562
5
416260874 2449598 241541318 659924046 358417532
548286984 869553957 296491257 210108138 288870148
5
839395006 369860699 892915683 309714658 714704389
382483972 87490712 483877023 415703133 625986125
5
119919020 742586959 755987195 732995764 334157700
99388091 802255302 91636057 681156125 473707391
5
331200223 21039235 174010821 940751151 136260435
752330430 282741941 53027938 134818221 38852029
5
645341562 945165522 623753314 10204884 190104789
785895231 978617590 197516718 731750009 227551735
5
955249908 311421061 196059772 855779716 464280330
13665766 72823158 757994916 635874526 392354380
5
976097105 571665050 16491197 550816957 53191104
577126500 945046942 575071260 711144884 798009377
5
422428968 224602446 153442636 849009569 233511954
5706431 145815457 991747945 66250210 903481928
5
268482026 9049706 286964220 33001244 425025919
129206481 278025618 62180484 928598980 56196354
5
674607326 167192612 948446795 982260995 199850075
12911340 991790101 739910855 80273363 673477081
5
413982921 508347558 114466960 824951988 110783763
805704356 337587811 375811531 550671421 857405716
5
605905820 523005857 344871848 364098131 422854135
972757409 219229707 353930933 733541067 889520662
5
933918038 912143870 598494079 551373139 927685837
50106336 612471127 480611358 704152087 799775629
5
422571690 67938423 416275640 867508260 182255504
578474624 402963785 274925505 840056848 834940384
5
241008558 820880591 395887829 40956194 862550282
227048260 935233387 268569826 957454813 794400156
5
555268990 431669877 120074882 339964642 583006369
492295640 74627953 805393378 933498186 14486121
5
760026579 248095707 114016325 522787451 316271468
373016813 657915359 369707594 378311015 85814610
5
384056315 637781976 32819575 777022703 652410263
193850537 5620236 244969615 703498781 314619869
5
67128197 267063302 848460870 8480445 116185928
844707332 206379905 583160718 664630997 181287599
5
577388620 317182776 572718244 279310217 838699735
152706491 935535456 137954543 607422869 827251728
5
391642514 114239485 270916426 193144238 951219478
525007084 863794631 733947117 857568252 931734867
5
648387799 236794039 133111573 27457073 252793620
558371209 392181781 614692872 204166752 625118823
5
369929355 4069342 840155982 468872504 718370704
757889182 856019990 262642941 69199889 449526692
5
975991673 286521482 444805843 947736658 48393704
736269502 832577366 126677464 766194699 518623714
5
200245677 188670936 722550575 959865495 69907445
878244123 219954640 137117730 557327922 12231921
5
136552386 809957745 776820310 822271549 665008454
555782106 331079338 743639449 483771883 239668074
5
894921112 116477164 29259025 695599517 924143915
17080101 484836364 299556516 938532714 670417502
5
321391689 463924615 632044303 620400970 40491321
371079498 800274638 127828839 838576014 627554937
5
620460764 194526952 81165353 854435221 564880174
338447666 221038205 491192212 921369006 43847369
5
541997565 821710361 4681138 745048378 868255054
183281970 866776185 988226133 409241023 287951568
5
36251221 981282207 620847901 441508048 2429883
449900657 893853917 749611118 764054834 238531623
5
109377700 774976279 142147111 171085413 95404912
14802961 388325934 473861760 496296448 638472214
5
325864015 737398901 183079353 909273690 974817986
436709085 159662573 210763153 624587400 764219924
5
703008907 863780937 161927903 40910003 346408442
928666786 53185872 431768347 160133562 478563147
5
618655521 12288999 861396118 973207311 824118324
311926185 776516907 629762814 528819552 955099382
5
330701364 358146837 820771768 34704625 547941512
576073636 567495402 491258409 848228840 287498244
5
354034094 451259886 392356267 83487235 382189151
173126561 877039951 796131733 756454397 506341369
5
644986487 177573989 124938340 475783372 118283449
712264070 322250097 642826277 440162032 213583007
5
71682630 472152118 619707632 734135475 738590630
900415096 893392990 476833255 217272362 454906880
5
208800168 325166607 317593863 748055887 467342630
662822210 803903478 933670154 50589626 82213586
5
479356648 727896590 313917696 580711038 366340148
925591763 106849278 870043701 337519460 676115949
