100
1 9
80162 1 89734 1 76330 1 68523 1 58919
1 9
47335 87680 23983 8544 82991 61535 43758 32174 32714
1 8
45501 36997 65191 69423 88395 61507 18185 41829
1 10
6685 16038 29741 39398 38715 62863 46339 72410 26558 48741
1 9
76993 1 91154 1 94961 1 62624 1 59676
1 5
58140 1 73161 1 67129
1 6
42687 42893 93774 62707 17576 75762
1 5
62230 1 90285 1 54400
1 6
1 51 101 151 201 251
1 6
1 51 101 151 201 251
1 7
36213 51822 22179 86823 72158 5219 36479
1 3
58398 72266 57323
1 7
79457 76343 85308 55218 79891 4266 8788
1 5
88484 1 80789 1 82867
1 7
94381 1 87259 1 59556 1 98781
1 10
96887 24565 87578 32106 84200 97223 62975 88297 67874 64424
1 6
33305 77023 67010 1768 42958 13456
1 6
85032 61458 74430 73859 98356 94205
1 9
9566 82857 47321 70980 48408 12328 32207 49426 44858
1 6
1 51 101 151 201 251
1 4
17649 17520 79101 58396
1 7
71590 1 93593 1 57350 1 60074
1 9
53879 1 63423 1 90167 1 82566 1 51282
1 7
92884 1 79061 1 69186 1 65169
1 4
33589 88828 20547 3424
1 10
80152 54513 20946 85913 41203 88014 96491 91629 53307 35866
1 4
1 51 101 151
1 7
74382 1 90217 1 65727 1 69272
1 4
1671 4470 10349 79470
1 8
53434 93601 16495 32891 69944 18155 4460 66186
1 7
74251 1 63450 1 61131 1 90221
1 9
68585 4088 95652 44464 44655 54228 71406 32341 38722
1 2
1 51
1 9
13908 83699 10547 88465 47385 98226 28799 55929 81216
1 5
19886 16101 34402 3801 10129
1 8
32102 67109 51820 83876 1879 54406 41475 7120
1 2
77677 93625
1 9
88502 1 50508 1 82974 1 72184 1 50025
1 9
72264 81350 42486 41449 93232 66425 33053 51064 47120
1 10
74699 89207 35219 59635 93294 30870 4098 54300 85098 91855
1 4
53065 9249 46126 72458
1 1
91281
1 7
1 1 1 1 1 1 1
1 6
86703 28152 99352 50611 3984 66689
1 7
94083 1 50212 1 90259 1 78408
1 3
57844 1 56669
1 8
41481 64343 60162 31793 202 61415 49200 48656
1 8
2 2 1 1 2 1 2 1
1 9
98642 1 73933 1 89904 1 52025 1 83447
1 4
1 51 101 151
1 5
61383 1 55076 1 81823
1 9
1 1 1 2 2 2 2 2 1
1 9
14222 95462 68595 98954 67725 66296 41439 9173 59527
1 9
52937 1 92009 1 94909 1 93159 1 63599
1 5
75833 67338 82695 56687 83970
1 4
1 51 101 151
1 7
65855 34413 35422 18419 2587 57600 5241
1 3
63785 1 85692
1 2
1 2
1 8
38772 29600 40404 52206 73961 19508 1254 1055
1 7
49180 72229 38246 8489 85684 97285 67733
1 9
24216 58577 26943 71335 68142 26151 35007 55474 74558
1 8
27354 35415 3050 15748 13273 21234 73928 84732
1 7
74219 13434 44362 62752 32697 10743 12595
1 8
71460 34679 91071 41403 52833 11882 23940 91605
1 6
10096 14457 44959 13896 40937 72985
1 7
1 1 1 1 1 1 1
1 6
1 51 101 151 201 251
1 4
1 51 101 151
1 7
88534 2912 66382 33492 33159 7319 22828
1 9
58001 1 91456 1 53706 1 95260 1 60313
1 10
1 1 2 2 2 1 2 2 1 2
1 10
92233 15063 48462 74158 51788 89933 57892 49619 3217 89772
1 2
1 51
1 7
74744 79171 41720 23923 51399 96317 32411
1 9
22677 33123 90590 17344 47344 2403 2290 46297 70127
1 7
52666 1 60466 1 68458 1 93987
1 10
86640 40171 5762 86690 50717 94226 34075 65294 23024 90003
1 9
78960 21201 35215 49184 54828 62568 84598 57877 94667
1 10
62861 46060 22392 92601 85457 61106 71815 48147 33515 98372
1 9
61787 1 53202 1 93547 1 51690 1 55227
1 10
28009 28767 55911 15586 77224 56462 29161 40199 61110 97034
1 1
79203
1 9
50799 1 71189 1 69386 1 78559 1 74477
1 5
28027 72808 87216 10016 47557
1 3
93989 1 82020
1 3
69008 60735 65638
1 2
1 1
1 6
1 51 101 151 201 251
1 5
96353 1 94891 1 54164
1 6
3548 18959 37219 77977 92817 35574
1 5
63966 20021 58331 81989 24490
1 10
97983 32519 81926 20374 41471 67382 97832 13285 15529 31346
1 2
14627 67564
1 10
20974 41261 67899 41920 43526 25453 46285 56368 17081 99592
1 5
52111 65936 30095 40920 83584
1 6
1 51 101 151 201 251
1 1
1
1 8
44875 1019 32531 46754 71776 90357 70225 17276
1 3
35139 80855 16632
